function [ x, w ] = rule14 ( n )

%*****************************************************************************80
%
%% rule14() returns the rule of degree 14.
%
%  Licensing:
%
%    This code is distributed under the GNU LGPL license.
%
%  Modified:
%
%    09 July 2014
%
%  Author:
%
%    Original FORTRAN77 version by Hong Xiao, Zydrunas Gimbutas.
%    This MATLAB version by John Burkardt.
%
%  Reference:
%
%    Hong Xiao, Zydrunas Gimbutas,
%    A numerical algorithm for the construction of efficient quadrature
%    rules in two and higher dimensions,
%    Computers and Mathematics with Applications,
%    Volume 59, 2010, pages 663-676.
%
%  Input:
%
%    integer N, the number of nodes.
%
%  Output:
%
%    real X(3,N), the coordinates of the nodes.
%
%    real W(N), the weights.
%
  xs = [ ...
    -0.5752422835841802,0.4314967658691802, ...
    0.1437455177139820,-0.3303076984155172, ...
    0.4866309056595519,-0.1563232072429510, ...
    -0.5770168798465761E-02,-0.7016819527781105, ...
    0.7074521215770434,-0.3032416710412216, ...
    -0.2339888323701999,0.5372305034104569, ...
    0.2995840525991514,-0.4325354814520043, ...
    0.1329514288534004,0.2313978508942549, ...
    -0.4060579401191659E-01,-0.1907920568806182, ...
    0.1198459969693036,-0.5485013403177168, ...
    0.4286553433493205,-0.4223067018453286, ...
    0.2051376117542425,0.2171690900904567, ...
    -0.1995552059487330,-0.3336302067365579, ...
    0.5331854126840413,-0.3362367775957516E-02, ...
    -0.2082502914064486,0.2116126591830406, ...
    0.3901789196843061,-0.4123770748876975E-03, ...
    -0.3897665426036371,0.5440475521812093E-02, ...
    -0.5671976659757272,0.5617571904593656, ...
    0.5109903009675820E-01,-0.8812309166767075, ...
    0.8301318865798517,-0.3334033396451877, ...
    -0.4849473999181729E-01,0.3818980796337723, ...
    0.2967209217147687,0.6320475373066934E-02, ...
    -0.3030413970906470,0.3947081540530285, ...
    -0.2978075731654519,-0.9690058088341083E-01, ...
    0.4602277425410929,-0.2588695285519879, ...
    -0.2013582139898412,0.4320204013442107, ...
    0.2158666376867163,-0.6478870390304328, ...
    0.3243502588043465E-02,-0.8153377567221353, ...
    0.8120942541315551,-0.2929639748058975, ...
    0.3937181324850053E-01,0.2535921615554882, ...
    -0.2911712364207900,0.4448737339859005, ...
    -0.1537024975672874,0.3770577628402459, ...
    -0.4566844608555435,0.7962669801609278E-01, ...
    -0.7343568438702067E-03,-0.6012198115212343E-01, ...
    0.6085633799849959E-01,-0.7860612444751536, ...
    0.7072341550237046,0.7882708945288715E-01, ...
    -0.1798079430257987,-0.5716591672723068, ...
    0.7514671102985679,0.2349121749284232E-01, ...
    -0.2977965988756665,0.2743053813811669, ...
    -0.3508185900315901,0.3561089208016359, ...
    -0.5290330768361618E-02,-0.4799997070573949, ...
    0.3284477153105494,0.1515519917450605, ...
    0.5503749362395663,-0.1236979845612246, ...
    -0.4266769516797990,-0.1160913996018244, ...
    0.1218716230766462,-0.5780223478460763E-02, ...
    -0.1795966192456130,-0.5071498846594161, ...
    0.6867465039037227,-0.4731311596169461E-02, ...
    -0.6889415863849245,0.6936728979813912, ...
    0.1838019755826437,-0.7414338401434005, ...
    0.5576318645605018,-0.3157482778904093, ...
    0.1186260398816200E-01,0.3038856739015107, ...
    -0.3760156844932397,0.2533165859904101, ...
    0.1226990985037814,0.3132847887437243E-01, ...
    0.1567813343830147,-0.1881098132555542, ...
    -0.5940398288585815,0.6767061397330466, ...
    -0.8266631087504343E-01,0.5799063749491890, ...
    0.7755651500224905E-01,-0.6574628899522570, ...
    0.1959288531923632,0.8941019681549953E-01, ...
    -0.2853390500081148,0.2938476934905306, ...
    0.2019773488401272E-02,-0.2958674669799366, ...
    0.3655020525321305,-0.5615458414677339, ...
    0.1960437889355228,-0.5706595245720943E-01, ...
    -0.7715171223939032,0.8285830748522059, ...
    0.1011528057210596,-0.1051837271533038, ...
    0.4030921431232027E-02,-0.2124197258439737, ...
    0.3605072524272380,-0.1480875265845512, ...
    -0.1651782199629099,0.7878215733569789E-02, ...
    0.1573000042284481,-0.3617927525610758, ...
    -0.2009201308789826,0.5627128834404685, ...
    -0.5015820600281335,0.4144850071548899, ...
    0.8709705287395679E-01,0.9434068372117834, ...
    0.4463509082121593E-02,-0.9478703462960307, ...
    0.2005751720829750,-0.1945620110873523, ...
    -0.6013160997523850E-02,-0.1255658338458569E-01, ...
    -0.4674319437690188,0.4799885271519170, ...
    -0.1716908737168969E-01,0.1956591346765856, ...
    -0.1784900473056204,-0.5462757915789873E-03, ...
    -0.5780834828017836,0.5786297585932533, ...
    -0.1833877013210589,0.2818210581349795, ...
    -0.9843335681437262E-01,0.1916617895075464, ...
    -0.7885465203364792E-03,-0.1908732429835174, ...
    -0.4813891231174998E-01,-0.8618855209039119, ...
    0.9100244332179739,-0.4424462871708599, ...
    0.5232153544540827,-0.8076906728405848E-01, ...
    0.2330164669103972,-0.5137198179676699, ...
    0.2807033510564895,0.3967080654003286E-12, ...
    0.1722425458471176E-11,0.3502410373140708E-12, ...
    -0.2947942461866533E-11,-0.1032091026644403E-11, ...
    -0.4359393565820349E-12 ];
