function [ x, w ] = rule13 ( n )

%*****************************************************************************80
%
%% rule13() returns the rule of degree 13.
%
%  Licensing:
%
%    This code is distributed under the GNU LGPL license.
%
%  Modified:
%
%    09 July 2014
%
%  Author:
%
%    Original FORTRAN77 version by Hong Xiao, Zydrunas Gimbutas.
%    This MATLAB version by John Burkardt.
%
%  Reference:
%
%    Hong Xiao, Zydrunas Gimbutas,
%    A numerical algorithm for the construction of efficient quadrature
%    rules in two and higher dimensions,
%    Computers and Mathematics with Applications,
%    Volume 59, 2010, pages 663-676.
%
%  Input:
%
%    integer N, the number of nodes.
%
%  Output:
%
%    real X(3,N), the coordinates of the nodes.
%
%    real W(N), the weights.
%
  xs = [ ...
    -0.4777385017466611E-01,-0.7568808830760128, ...
    0.8046547332507396,0.3005907944967990E-01, ...
    -0.3472424886466524,0.3171834091971876, ...
    -0.3529824413110864E-01,-0.4209487812102883, ...
    0.4562470253414500,-0.7153537080888878, ...
    0.5989558965388279,0.1163978115501301, ...
    0.3710519456025519E-02,0.4652335033519287, ...
    -0.4689440228078527,-0.3599160575353618E-01, ...
    0.1939924024452817,-0.1580007966914678, ...
    -0.2161537359848647E-01,0.2912599485905940, ...
    -0.2696445749921000,-0.4913573074965884, ...
    0.2288888183023164,0.2624684891944182, ...
    -0.1426281098822192,-0.3118486240867259, ...
    0.4544767339690260,0.7618754763810419, ...
    -0.1422306180040716,-0.6196448583768703, ...
    0.5776897880027803E-01,0.1164689180950719, ...
    -0.1742378968955057,-0.1414719142296262, ...
    -0.3229372289650024,0.4644091431945710, ...
    -0.1398258170326137,-0.5098850522745304, ...
    0.6497108693071825,0.3610318921371553, ...
    0.1054629929099188,-0.4664948850470391, ...
    0.2459013465212476E-01,-0.7178146556427887, ...
    0.6932245209907225,-0.1065595141175732E-01, ...
    -0.9217121855780308,0.9323681369897492, ...
    -0.4115285528872360,0.2668526805669106, ...
    0.1446758723202021,0.1571190412397715E-02, ...
    -0.6922217370423006E-01,0.6765098329171684E-01, ...
    -0.2991189861629327,-0.1245621803681009, ...
    0.4236811665311025,0.3871696430393148, ...
    0.1500785041234294,-0.5372481471625822, ...
    -0.8064886300342536E-01,-0.4844598247542774, ...
    0.5651086877577737,0.6705603853993255, ...
    -0.2613693382805031,-0.4091910471186840, ...
    -0.2994914861160214,-0.2674832138785850, ...
    0.5669746999946459,0.4510147973428894E-01, ...
    0.2172069032075606,-0.2623083829418457, ...
    -0.2495785492724049,-0.2085110500880744, ...
    0.4580895993605156,0.2707504828489703, ...
    -0.4821600751443009,0.2114095922954477, ...
    -0.4554280384514680E-01,-0.7996627976605564, ...
    0.8452056015056444,0.2029674430134095E-01, ...
    -0.7997175993984930,0.7794208550971885, ...
    0.1441756236446537,-0.6915442312985614, ...
    0.5473686076540003,0.3528170518753222E-01, ...
    -0.3311753761570134,0.2958936709696454, ...
    -0.7827835701762442E-02,0.2760083802741976, ...
    -0.2681805445724308,0.6806655606966093E-01, ...
    -0.5973241026022454,0.5292575465325308, ...
    -0.9685067665231929E-01,0.2259602937925122, ...
    -0.1291096171402099,-0.1001708030503953E-01, ...
    -0.5630399697700922,0.5730570500751420, ...
    0.3465920273834422E-01,-0.1777529113458167, ...
    0.1430937086076311,0.7285263734559304E-01, ...
    -0.8758889229618175,0.8030362856162614, ...
    0.1343389663918027,0.3445210697535890, ...
    -0.4788600361453874,-0.1348321313217423E-01, ...
    0.1154680832801965,-0.1019848701479677, ...
    -0.5176848990301737E-01,-0.2375948027597131, ...
    0.2893632926627010,0.1729207472857360E-01, ...
    -0.4389324777852445,0.4216404030566085, ...
    -0.3914791775164566E-02,-0.2309684344749786, ...
    0.2348832262501366,-0.6881144138718593, ...
    0.4266860230809687,0.2614283907909357, ...
    0.4960973006288234E-02,-0.2137441872471665, ...
    0.2087832142407756,-0.7325006065249269E-01, ...
    -0.2659488483143491,0.3391989089668666, ...
    -0.4678501489682662E-01,-0.5410293892575722, ...
    0.5878144041543488,-0.2500405721723705E-01, ...
    -0.6313699376952513,0.6563739949124212, ...
    0.1364199568193839,-0.2996193314702689, ...
    0.1631993746509763,0.1198743702984181E-12, ...
    -0.7662979863046558E-13,-0.4829662024390088E-14, ...
    -0.2111050829994401E-13,-0.1270671025297558E-13 ];
