function [ x, w ] = rule15 ( n )

%*****************************************************************************80
%
%% rule15() returns the rule of degree 15.
%
%  Licensing:
%
%    This code is distributed under the GNU LGPL license.
%
%  Modified:
%
%    09 July 2014
%
%  Author:
%
%    Original FORTRAN77 version by Hong Xiao, Zydrunas Gimbutas.
%    This MATLAB version by John Burkardt.
%
%  Reference:
%
%    Hong Xiao, Zydrunas Gimbutas,
%    A numerical algorithm for the construction of efficient quadrature
%    rules in two and higher dimensions,
%    Computers and Mathematics with Applications,
%    Volume 59, 2010, pages 663-676.
%
%  Input:
%
%    integer N, the number of nodes.
%
%  Output:
%
%    real X(3,N), the coordinates of the nodes.
%
%    real W(N), the weights.
%
  xs = [ ...
    0.2581521194788427, -0.3924996680742822, ...
    0.1343475485954617, 0.1747936627600043, ...
    -0.3848787335398570,0.2100850707798483, ...
    -0.2686158385486640,0.3159539810469303, ...
    -0.4733814249823749E-01,0.5356808415765576E-02, ...
    -0.8659172184635908E-01,0.8123491343054050E-01, ...
    -0.8144631134845116,0.8470041241206219, ...
    -0.3254101063610144E-01,0.2249358441935477, ...
    -0.7323416768865754,0.5074058326930275, ...
    -0.5473570384341295,0.4843265718105462, ...
    0.6303046662358983E-01,-0.2378791442311287E-01, ...
    -0.2016252113668169,0.2254131257898949, ...
    -0.7391871819240758E-01,0.5113049221289290, ...
    -0.4373862039365108,-0.2968004530699073, ...
    0.1205383163903803,0.1762621366794993, ...
    -0.4241098255347354E-02,-0.3585193417940622, ...
    0.3627604400494130,0.4202386364031931E-02, ...
    0.1599370643332776E-01,-0.2019609279738776E-01, ...
    -0.5388551273867861E-01,-0.7018353952881240, ...
    0.7557209080267955,0.3646027806298292E-01, ...
    -0.6343658219832248,0.5979055439202614, ...
    0.1258503466822884E-01,0.2393555213511634, ...
    -0.2519405560194015,0.3851625317792869E-02, ...
    0.1534194382150093,-0.1572710635328328, ...
    -0.3485301409937485E-02,0.1619818108911392, ...
    -0.1584965094812263,0.5304635114647127E-01, ...
    0.3545913748848099,-0.4076377260313040, ...
    0.6653928546486268E-01,-0.2403180998360646, ...
    0.1737788143712072,-0.1667348931062531, ...
    -0.2713747582479675,0.4381096513542055, ...
    0.9493532822319652E-01,0.1868738963948708E-02, ...
    -0.9680406718713280E-01,-0.5105981722468006E-01, ...
    0.3251121848754134,-0.2740523676507155, ...
    -0.2080245286773480E-01,-0.1497129535134266, ...
    0.1705154063812837,0.2921781238709439, ...
    0.1381062592802215,-0.4302843831511968, ...
    -0.8780905828000338E-01,0.2673000828923510, ...
    -0.1794910246123719,-0.1944587456799732E-01, ...
    -0.2823011707456111,0.3017470453136293, ...
    -0.7313431320411609E-01,-0.5236633756518274, ...
    0.5967976888559381,-0.3762507052448836, ...
    0.2871315908267298,0.8911911441816055E-01, ...
    -0.3797896271838643E-01,-0.4650879543817582, ...
    0.5030669171001346,0.2750555493489867E-02, ...
    -0.7277556508895471,0.7250050953960729, ...
    0.6123006138565600,-0.1192649298638286, ...
    -0.4930356839927218,-0.2645727220089428, ...
    -0.1730736170401170,0.4376463390490505, ...
    -0.6630962451131286E-01,-0.1763224174379790, ...
    0.2426320419492632,-0.4200384093190587E-02, ...
    -0.5418782850881636,0.5460786691813587, ...
    0.5394663228522688E-01,0.1507657818092707, ...
    -0.2047124140944948,0.1018171426999433, ...
    -0.5394039692520657,0.4375868265521267, ...
    0.1245513301303478,-0.6455557549708775, ...
    0.5210044248405197,-0.9855929555799212E-01, ...
    -0.7473211662573033,0.8458804618152944, ...
    -0.1755388020283085,-0.5318861672552897, ...
    0.7074249692836033,-0.6267629157220122E-02, ...
    0.6632219831012681E-01,-0.6005456915289890E-01, ...
    -0.2023381108267559,0.1094534186561336, ...
    0.9288469217061772E-01,-0.6473499743579236E-01, ...
    -0.3234505788317799,0.3881855762675665, ...
    -0.1233025545427212,-0.2864321270324415, ...
    0.4097346815751876,0.1989648914526389, ...
    -0.5364226464888502,0.3374577550361906, ...
    0.2178991630195039E-01,-0.5426229008583486, ...
    0.5208329845563997,-0.2014523059829409, ...
    -0.1081005526244278,0.3095528586073633, ...
    -0.1169567835631198E-01,0.1260374294457714, ...
    -0.1143417510894922,0.6829681010950600E-01, ...
    -0.2897229857831844,0.2214261756736523, ...
    -0.4298175003068387,0.2110526002984961, ...
    0.2187649000083270,0.6578307149076966, ...
    -0.1808749039318607,-0.4769558109758388, ...
    -0.3704630736636612,0.3211543940711805, ...
    0.4930867959248819E-01,-0.1193005517808560, ...
    -0.3998990653549201,0.5191996171357768, ...
    -0.1504520555101911,0.4460532087610402, ...
    -0.2956011532508667,0.1975830054753616, ...
    -0.6709593039696905,0.4733762984943273, ...
    -0.7463137388742009E-02,-0.4211815306853685, ...
    0.4286446680740814,0.2049473200886011E-02, ...
    -0.2026603403979144,0.2006108671970308, ...
    0.7152086010197926E-01,-0.7652447634530471, ...
    0.6937239033510662,0.2166839105383212, ...
    0.3458968024421906,-0.5625807129804981, ...
    0.1279853939984014,0.3081799665774158, ...
    -0.4361653605757960,-0.1577812374505563E-01, ...
    -0.6857246456300986,0.7015027693751511, ...
    -0.7105996230949263E-03,-0.9227565022751169, ...
    0.9234671018982127,-0.1882955447783474E-01, ...
    -0.7344571519218671,0.7532867063996859, ...
    -0.3375217299349303,-0.2041740513278847, ...
    0.5416957812628146,0.4996795038021838, ...
    0.1342360979189166,-0.6339156017211199, ...
    0.7596408799506882,0.8346506611711336E-01, ...
    -0.8431059460678011,-0.8820027427037123, ...
    0.8657493528015160,0.1625338990220750E-01, ...
    0.7067742334596752,-0.2761780760336056, ...
    -0.4305961574260422,-0.9186459446440826E-01, ...
    -0.1188760024130717,0.2107405968774760, ...
    0.5405133012525005,-0.2620825757773786, ...
    -0.2784307254751027,0.1458059413495244, ...
    0.3829161242112978,-0.5287220655607965, ...
    -0.1823158001392015E-13,-0.1699106971810907E-13, ...
    0.1569922552833598E-12,0.5359985656924711E-13 ];
